n = 5, p = 25, runtime = 0.038057136535644534
n = 10, p = 50, runtime = 0.09008941650390626
n = 15, p = 75, runtime = 0.3811641693115234
n = 20, p = 100, runtime = 0.4978015422821045
